Topic:  0
(94183258, [0.7222559])
(98046980, [0.6760181])
(47919463, [0.6736769])
(20712720, [0.6736238])
(23676274, [0.64871603])
(73006143, [0.62369543])
(97359553, [0.61474264])
(95738540, [0.61473])
(37817424, [0.60548013])
(46736075, [0.5986457])
(89176219, [0.59683704])
(78402683, [0.59387225])
(76419594, [0.58707005])
(30646662, [0.5814632])
(90572871, [0.58091617])
(61814713, [0.57978296])
(28488720, [0.5721302])
(48937229, [0.5721128])
(22384027, [0.57209885])
(15864663, [0.56936556])
Topic:  1
(81063048, [0.7260972])
(48627815, [0.7260451])
(22098167, [0.665082])
(62175655, [0.65529776])
(74908430, [0.6510206])
(78098842, [0.6468596])
(15624249, [0.64272666])
(55628143, [0.64095783])
(25735786, [0.6365163])
(24303752, [0.6217775])
(78792666, [0.6195846])
(18160162, [0.6192434])
(99428006, [0.6180713])
(29910672, [0.6168097])
(67288927, [0.6124031])
(47583013, [0.61184466])
(68134892, [0.6114799])
(20619017, [0.6112155])
(41076269, [0.6091424])
(95523746, [0.60797685])
Topic:  2
(13447757, [0.73280144])
(42375147, [0.7232873])
(35824559, [0.72325236])
(18712986, [0.7232103])
(77439352, [0.7147206])
(59072371, [0.6997613])
(22410849, [0.69746846])
(31762492, [0.6973651])
(87781482, [0.695355])
(84428856, [0.69312125])
(88999903, [0.68329954])
(12011160, [0.6824739])
(70669467, [0.681172])
(45213054, [0.6756597])
(86190341, [0.6721536])
(51140240, [0.6719898])
(25494041, [0.6715067])
(82427603, [0.6713856])
(86530968, [0.6667845])
(83027159, [0.66203415])
Topic:  3
(14727857, [0.5409538])
(47125364, [0.5334176])
(75113634, [0.5319885])
(91983057, [0.5290227])
(78232639, [0.5225993])
(94429801, [0.50565475])
(73182403, [0.50175333])
(68555217, [0.50035894])
(89003496, [0.49682686])
(61804058, [0.49673828])
(34952894, [0.49643382])
(89611834, [0.479569])
(51368011, [0.4710152])
(93036054, [0.46736595])
(97671482, [0.4568211])
(63632158, [0.44025493])
(41910538, [0.4376626])
(77839290, [0.43212336])
(85307857, [0.42345276])
(26536970, [0.42217365])
Topic:  4
(15737932, [0.45637816])
(99265109, [0.43598032])
(72409551, [0.43430692])
(62502035, [0.4294215])
(38172867, [0.42457086])
(16447950, [0.38297054])
(36085835, [0.38175198])
(51732414, [0.38078326])
(76059291, [0.380593])
(90365530, [0.36224017])
(29772914, [0.35914987])
(68832200, [0.3563125])
(80240402, [0.33442265])
(96039986, [0.31978068])
(44859315, [0.31596452])
(98848583, [0.308098])
(44954296, [0.3080976])
(92486918, [0.30809757])
(82128546, [0.3064915])
(21890938, [0.3059016])
Topic:  5
(57829434, [0.26775995])
(24840649, [0.26079425])
(80014056, [0.23521647])
(41135567, [0.2352151])
(52191926, [0.23521414])
(68492404, [0.23097405])
(88769279, [0.22803031])
(17932093, [0.22718087])
(41468010, [0.22396933])
(31030535, [0.1135478])
(15375891, [0.10801007])
(63046774, [0.1069618])
(33588918, [0.095724836])
(80604781, [0.09484208])
(42455774, [0.08678977])
(23856329, [0.08030437])
(78244303, [0.070147075])
(72202522, [0.06673185])
(67402925, [0.0660196])
(31171761, [0.06434963])
Topic:  6
(91526753, [0.996866])
(74214772, [0.9968651])
(31975235, [0.99686337])
(41837513, [0.9968633])
(63488840, [0.9968632])
(85393191, [0.9965613])
(53567425, [0.9965536])
(19018139, [0.9965426])
(34872324, [0.99654245])
(32189566, [0.9965424])
(12465067, [0.9965373])
(29229668, [0.99628955])
(91191708, [0.9962894])
(75934661, [0.99628115])
(53539273, [0.996275])
(20784899, [0.9944229])
(52213810, [0.992734])
(73645541, [0.9898487])
(30519352, [0.9829217])
(40693318, [0.97982824])
Topic:  7
(48124899, [0.47012672])
(47375197, [0.448507])
(47980386, [0.4326552])
(29967820, [0.42421526])
(39703322, [0.41491956])
(83659372, [0.40309685])
(81888164, [0.3954907])
(52813005, [0.39478654])
(89065095, [0.37737933])
(67595535, [0.3725382])
(16844468, [0.3662003])
(68105869, [0.36486876])
(74675861, [0.35344097])
(96198252, [0.35262546])
(24999107, [0.34371552])
(75325031, [0.3425392])
(49382268, [0.3421074])
(25817683, [0.34144148])
(84324637, [0.34136668])
(64161821, [0.34097117])
Topic:  8
(15927761, [0.5748224])
(82020921, [0.5651816])
(94695012, [0.5619591])
(76729177, [0.5434692])
(59284258, [0.53235793])
(31632452, [0.52338344])
(97883899, [0.5099025])
(27293927, [0.50950855])
(47299962, [0.4917104])
(62263827, [0.48970905])
(88379468, [0.47813055])
(48885140, [0.47594887])
(76635631, [0.47350398])
(22141925, [0.4732406])
(53388511, [0.47280568])
(97053308, [0.46766695])
(51414163, [0.46732774])
(20476854, [0.46661898])
(21913653, [0.46629855])
(33371852, [0.4650637])
Topic:  9
(56692587, [0.3348663])
(68347160, [0.305543])
(62213134, [0.27818748])
(13506985, [0.2760568])
(70006242, [0.27164885])
(76595664, [0.26960465])
(61411936, [0.25974017])
(41229102, [0.25784087])
(27580039, [0.24875575])
(16425318, [0.24338114])
(55558263, [0.24274288])
(98145735, [0.23816863])
(45181560, [0.23680383])
(71400436, [0.23433317])
(93776175, [0.23136216])
(44375702, [0.22995989])
(88746413, [0.22747014])
(20719334, [0.22648977])
(58615863, [0.21936771])
(40166949, [0.2180698])
Topic:  10
(67158261, [0.5707818])
(13131206, [0.55568814])
(73466163, [0.5533534])
(37506953, [0.5382434])
(38189112, [0.52959526])
(56462650, [0.5127623])
(71321682, [0.5070548])
(95828642, [0.5022797])
(71112417, [0.49892431])
(35217909, [0.47757292])
(82814816, [0.47589883])
(72378919, [0.4736401])
(39922123, [0.47194225])
(76853017, [0.46949378])
(72070962, [0.46477002])
(34278432, [0.46432683])
(74274191, [0.45332292])
(63652585, [0.44615394])
(44038156, [0.44577953])
(84195409, [0.43987796])
Topic:  11
(81817998, [0.31266722])
(39597910, [0.28850916])
(26726232, [0.28821003])
(80737254, [0.2720942])
(57108007, [0.27147326])
(65529617, [0.21779685])
(37284500, [0.21596374])
(79666256, [0.19871572])
(49018933, [0.18595815])
(96236864, [0.18488006])
(76535226, [0.18220386])
(30660509, [0.18207037])
(59401715, [0.18206938])
(89204184, [0.1791567])
(15006092, [0.17898858])
(32483911, [0.17650968])
(10154044, [0.17575774])
(40898205, [0.17508833])
(31384530, [0.1733456])
(58075228, [0.1719872])
Topic:  12
(27090293, [0.7641454])
(37679243, [0.6229504])
(61556356, [0.5572658])
(40969933, [0.54470986])
(37944013, [0.54470927])
(47237327, [0.52935576])
(48607871, [0.5293488])
(25429728, [0.5293486])
(58647332, [0.52934563])
(21019931, [0.5293419])
(42744455, [0.52933866])
(99580203, [0.52184016])
(52406975, [0.5203876])
(50460524, [0.5203836])
(32689469, [0.5203832])
(21270379, [0.5203814])
(94321092, [0.520374])
(67792665, [0.520361])
(70351351, [0.51114726])
(60780990, [0.49825913])
Topic:  13
(39975320, [0.48918188])
(82526314, [0.4751719])
(73202161, [0.47120357])
(28208629, [0.45594457])
(84243951, [0.44790152])
(73564975, [0.44718435])
(18259932, [0.43664598])
(42833834, [0.41120312])
(32642603, [0.41117895])
(61335417, [0.40574062])
(27476151, [0.39994398])
(15003521, [0.3951888])
(86815298, [0.38703874])
(80295799, [0.38013992])
(23523225, [0.37702706])
(86198324, [0.36947462])
(43839061, [0.369245])
(47396892, [0.36924225])
(76211465, [0.36182728])
(44554320, [0.3617911])
Topic:  14
(87422623, [0.6579991])
(74668463, [0.6379759])
(32377531, [0.6379346])
(61697962, [0.6288977])
(62765661, [0.6153667])
(22676689, [0.61518884])
(49448827, [0.61162984])
(48715984, [0.6043149])
(41096053, [0.6039649])
(96777031, [0.5958157])
(11168936, [0.5904178])
(98699017, [0.5892084])
(47232728, [0.58909744])
(29242976, [0.5860778])
(37265964, [0.5798257])
(47521476, [0.5788289])
(63760196, [0.5783972])
(76915816, [0.5765161])
(98870679, [0.5763038])
(37274660, [0.57381535])
Topic:  15
(78739309, [0.5672306])
(24394309, [0.5620463])
(25427480, [0.56037337])
(73676936, [0.55463326])
(86646921, [0.55374306])
(18676774, [0.55373394])
(25939933, [0.5504783])
(39683492, [0.5502727])
(31729860, [0.548625])
(12699261, [0.5466393])
(13683516, [0.5456762])
(50286255, [0.5453949])
(75439583, [0.5430187])
(48802150, [0.5410448])
(71015024, [0.54000336])
(18291904, [0.5375949])
(31666125, [0.5364829])
(20371546, [0.5358508])
(68393775, [0.5334533])
(93030233, [0.53090453])
Topic:  16
(82859789, [0.6870196])
(59761334, [0.6653485])
(19577152, [0.6609386])
(78555242, [0.64376336])
(26276802, [0.6360346])
(74539269, [0.6340496])
(15110257, [0.6338887])
(94235715, [0.6244358])
(80238677, [0.62060076])
(29948032, [0.62036735])
(80178600, [0.60481113])
(60597314, [0.5919335])
(88339420, [0.58748096])
(13553436, [0.58688116])
(38776955, [0.58588517])
(29763320, [0.58543015])
(97198026, [0.58467376])
(98707872, [0.58456933])
(90538190, [0.58323973])
(82227002, [0.5729467])
Topic:  17
(17084928, [0.4188871])
(27501062, [0.41070032])
(12018348, [0.35744637])
(69447400, [0.35322225])
(66834258, [0.3511341])
(81672719, [0.3344389])
(80852962, [0.33285445])
(84267241, [0.33177575])
(84759446, [0.3244018])
(35021691, [0.3213814])
(94555238, [0.31769654])
(69485025, [0.31750077])
(25381292, [0.31360742])
(19886390, [0.30995202])
(49210639, [0.3058401])
(77281597, [0.30418488])
(89538449, [0.29891744])
(34994413, [0.2945245])
(24322718, [0.2937778])
(80746713, [0.287127])
Topic:  18
(51393922, [0.45463273])
(24378973, [0.4409705])
(95609432, [0.42959523])
(15350560, [0.42527524])
(60593808, [0.42506912])
(22594453, [0.4234778])
(31353545, [0.41509867])
(90828140, [0.41350794])
(68328335, [0.41128644])
(63141859, [0.408142])
(27266086, [0.39348903])
(84834934, [0.39309436])
(78278262, [0.3922751])
(50273495, [0.38730294])
(67077437, [0.3855092])
(17368159, [0.38464049])
(66027582, [0.38271248])
(19028904, [0.38014027])
(63534765, [0.37841794])
(86189503, [0.36934578])
Topic:  19
(54487005, [0.6541809])
(74489527, [0.61680275])
(76861951, [0.611016])
(84073957, [0.60546106])
(46525482, [0.58026266])
(55982625, [0.5792256])
(37615794, [0.575116])
(38975462, [0.57385284])
(66006341, [0.56747997])
(10597440, [0.5657578])
(83500597, [0.56553924])
(91832903, [0.561977])
(31302151, [0.5616941])
(41959153, [0.5577307])
(10405032, [0.5510414])
(17266105, [0.54979926])
(49180811, [0.54655194])
(93455700, [0.54550165])
(44882533, [0.54511756])
(32684729, [0.5447661])
Topic:  20
(55146311, [0.64207965])
(27609662, [0.55997574])
(34391481, [0.5293588])
(88823801, [0.5206709])
(54531828, [0.5195388])
(64635323, [0.5082523])
(39984873, [0.50050277])
(73650626, [0.488414])
(28447534, [0.4882035])
(49051508, [0.48440695])
(65514829, [0.48147887])
(21525220, [0.4799479])
(14742445, [0.47834304])
(69522731, [0.47770825])
(30600491, [0.47486618])
(33267744, [0.4744545])
(34567080, [0.47270036])
(40085383, [0.46913067])
(23010214, [0.46813062])
(54281831, [0.46724027])
Topic:  21
(14935111, [0.47944915])
(55527324, [0.4780016])
(12926436, [0.4579706])
(74917247, [0.4508052])
(23152379, [0.4484043])
(81720712, [0.4480803])
(40995166, [0.44214553])
(45205341, [0.441015])
(11389447, [0.44093075])
(47553904, [0.4397073])
(59494034, [0.43625268])
(48066287, [0.4361691])
(51497173, [0.43457577])
(80788462, [0.43297622])
(44174426, [0.42099887])
(38020623, [0.41591397])
(84565147, [0.40787226])
(41280772, [0.40443185])
(29286213, [0.40343285])
(21601950, [0.40156782])
Topic:  22
(49313573, [0.9824305])
(67068159, [0.98239493])
(13650848, [0.980784])
(90044453, [0.97589827])
(33039537, [0.97491914])
(69324777, [0.9715541])
(91448064, [0.9670383])
(19473181, [0.96505535])
(57824646, [0.96285594])
(82268149, [0.9614526])
(45610375, [0.9614485])
(41531583, [0.9590586])
(42800077, [0.9536603])
(20992737, [0.95342815])
(43700961, [0.9534027])
(75966929, [0.9529884])
(37655700, [0.95281655])
(67578574, [0.9492196])
(94122053, [0.94903874])
(96369637, [0.9443632])
Topic:  23
(12888179, [0.48503423])
(47135182, [0.47928116])
(49204789, [0.47078294])
(84461576, [0.4679161])
(65324529, [0.46517277])
(90269944, [0.45674124])
(35078145, [0.45658728])
(26597045, [0.45614514])
(79077250, [0.45445403])
(13001786, [0.45269746])
(77740740, [0.44518694])
(57393531, [0.44302195])
(29544879, [0.4424027])
(67793949, [0.44216365])
(28241248, [0.43908045])
(54966044, [0.43685493])
(95155115, [0.42408362])
(30474744, [0.42088446])
(83281076, [0.41496912])
(21236692, [0.41434646])
Topic:  24
(22304834, [0.46085024])
(81933744, [0.44778258])
(19292642, [0.4449043])
(59083165, [0.44129238])
(80416550, [0.4364123])
(84702517, [0.43029252])
(85360799, [0.36417034])
(92002997, [0.35196757])
(31000244, [0.34881735])
(94077713, [0.3446214])
(30327818, [0.3379475])
(65335701, [0.33585683])
(99383147, [0.33213127])
(52632665, [0.324015])
(53839016, [0.321509])
(69180462, [0.31297684])
(10246038, [0.30908054])
(40821627, [0.30487767])
(84979940, [0.29616266])
(32111692, [0.29001293])
Topic:  25
(12739359, [0.90122426])
(20407351, [0.8798209])
(27409025, [0.87936765])
(78537569, [0.87768584])
(21883217, [0.8763558])
(70867628, [0.8545113])
(57651287, [0.84572047])
(44971437, [0.7877184])
(15829513, [0.7870633])
(77928213, [0.7832971])
(76866282, [0.7658196])
(96490088, [0.75934726])
(19994091, [0.74958766])
(22767573, [0.74824584])
(84970640, [0.7477228])
(80235495, [0.74503726])
(88947792, [0.74118596])
(21058545, [0.7349805])
(25268951, [0.73343194])
(69453042, [0.7323535])
Topic:  26
(27810679, [0.6631357])
(35231853, [0.6608509])
(48515533, [0.657718])
(72970495, [0.61869335])
(53413313, [0.618135])
(33910182, [0.5946859])
(61662156, [0.5901021])
(29301108, [0.5855225])
(79327491, [0.57867706])
(69893463, [0.5781144])
(12906179, [0.56846684])
(26539914, [0.56483775])
(79045337, [0.5598862])
(72270604, [0.5579806])
(86541194, [0.54817843])
(70544090, [0.5445404])
(31197948, [0.5429587])
(63397639, [0.54107237])
(12636687, [0.53807724])
(30438307, [0.5372008])
Topic:  27
(50314475, [0.35012648])
(43193341, [0.33821914])
(27489919, [0.3322921])
(90036069, [0.33008692])
(74102470, [0.32973045])
(47912084, [0.32712895])
(28081644, [0.32345805])
(78092354, [0.32184196])
(29038063, [0.31742585])
(71254851, [0.3150613])
(81689167, [0.31498575])
(89579780, [0.31237006])
(31085659, [0.3114395])
(14626286, [0.30662355])
(75076353, [0.29957762])
(19505518, [0.2983432])
(23176033, [0.2976244])
(37192316, [0.29724765])
(20795627, [0.29367784])
(94610916, [0.29138198])
Topic:  28
(52857628, [0.68333715])
(47748093, [0.6484237])
(54422534, [0.6467571])
(25933844, [0.6423954])
(77025786, [0.64234513])
(69073786, [0.63969684])
(66104958, [0.63902056])
(13714809, [0.6330989])
(49888098, [0.6259103])
(90204157, [0.62130743])
(36161936, [0.61904454])
(94538516, [0.6006133])
(87118159, [0.60004133])
(85647295, [0.5942878])
(15141588, [0.58673966])
(77358664, [0.58459884])
(65064713, [0.58260113])
(76986731, [0.5818722])
(93965315, [0.5706661])
(13584923, [0.56874555])
Topic:  29
(66946218, [0.9259299])
(70929126, [0.92467844])
(88942444, [0.9178827])
(93276001, [0.91226435])
(36875544, [0.9067195])
(93599520, [0.8328638])
(63154381, [0.83253276])
(83354359, [0.8324604])
(91767777, [0.83173037])
(55377225, [0.83172715])
(83346772, [0.8306505])
(33036929, [0.82759875])
(22146112, [0.8252153])
(75601456, [0.8221825])
(79744929, [0.8219997])
(80439318, [0.820117])
(55085329, [0.8178062])
(40689999, [0.8145278])
(30954350, [0.81374085])
(71292605, [0.8132229])
Topic:  30
(18240256, [0.5574868])
(71895704, [0.54978925])
(89128531, [0.5472536])
(82697547, [0.5314234])
(24833723, [0.5243363])
(60257811, [0.5201629])
(36389807, [0.518356])
(69183258, [0.51029694])
(39620644, [0.50853074])
(67908131, [0.46584255])
(24137763, [0.46163863])
(26592036, [0.46099994])
(14705443, [0.45979807])
(73404522, [0.4594792])
(52900722, [0.45776817])
(63904473, [0.43048477])
(47051733, [0.4300625])
(24962858, [0.4281305])
(81257698, [0.42713523])
(33155052, [0.4266887])
Topic:  31
(13513343, [0.6259865])
(68370071, [0.6238058])
(19643627, [0.62214965])
(49190688, [0.5763074])
(95963030, [0.5069558])
(55261790, [0.5016146])
(75164799, [0.49371874])
(24587026, [0.49197662])
(87012352, [0.4912132])
(40186132, [0.48966628])
(67536259, [0.4868655])
(86127789, [0.48410392])
(38532258, [0.47441408])
(47141434, [0.4713838])
(36152677, [0.47042897])
(56006611, [0.46768358])
(14544743, [0.4620682])
(84318862, [0.45646003])
(85690191, [0.4551366])
(77278649, [0.4519131])
Topic:  32
(37862002, [0.19747716])
(20038243, [0.19746526])
(66936461, [0.19486772])
(89735041, [0.17481585])
(70146344, [0.17421484])
(94424179, [0.17344837])
(57388941, [0.17344812])
(37316865, [0.1733794])
(43479802, [0.17337622])
(28784030, [0.17312016])
(26918963, [0.17233503])
(83611422, [0.17233501])
(18469187, [0.17154787])
(18394474, [0.16893464])
(14884040, [0.1478682])
(91203400, [0.14695197])
(18111211, [0.1469515])
(22628343, [0.14695132])
(22837598, [0.14695066])
(38771326, [0.14694668])
Topic:  33
(96576011, [0.4387602])
(84123556, [0.3431251])
(52291447, [0.32711607])
(36817082, [0.31015858])
(83779361, [0.30834174])
(86009716, [0.30539432])
(99229221, [0.26133293])
(96594712, [0.2598928])
(32369684, [0.23339531])
(24156790, [0.23333766])
(61923394, [0.2265213])
(10893767, [0.20929684])
(68050581, [0.19680896])
(49805425, [0.19666958])
(42403654, [0.19663924])
(23682904, [0.18537515])
(21394829, [0.18481588])
(76497935, [0.1843534])
(78172922, [0.18413003])
(49760441, [0.18367936])
Topic:  34
(59847264, [0.60261697])
(83774218, [0.5971724])
(89889390, [0.5228883])
(47588359, [0.51001877])
(59453635, [0.50217307])
(12463873, [0.50214475])
(30859049, [0.48593682])
(15875115, [0.47906438])
(21283520, [0.47772598])
(61040021, [0.47466308])
(47383323, [0.47235867])
(59095804, [0.47229287])
(62283862, [0.45537296])
(36350624, [0.42181927])
(82473486, [0.4188987])
(34498111, [0.41703832])
(84686935, [0.40529826])
(89416029, [0.39965954])
(64203918, [0.3936383])
(47640462, [0.39140412])
Topic:  35
(60441627, [0.32045025])
(44023506, [0.31212223])
(63693387, [0.31011727])
(60221706, [0.28697288])
(85501844, [0.28551483])
(79678152, [0.276292])
(98830929, [0.2685514])
(80895254, [0.26587713])
(60102646, [0.24961211])
(47614202, [0.2410937])
(60776998, [0.2394028])
(62332912, [0.23923744])
(75352427, [0.23794913])
(11642154, [0.2377205])
(75262133, [0.23043424])
(57378370, [0.22391857])
(87134798, [0.22229764])
(67410668, [0.21934713])
(44111184, [0.21645465])
(55592028, [0.21391965])
Topic:  36
(74051101, [0.22873832])
(59547141, [0.22871476])
(54250541, [0.21690424])
(77855041, [0.21607332])
(45733289, [0.20781255])
(78374468, [0.20437148])
(26579828, [0.19977534])
(51796520, [0.19940859])
(71586848, [0.19467837])
(71970906, [0.19158824])
(41883427, [0.19149385])
(91879054, [0.1825327])
(97746240, [0.17978817])
(86111105, [0.17812242])
(23518208, [0.17664224])
(71939010, [0.17601599])
(94337391, [0.17543721])
(57377469, [0.16687675])
(53349010, [0.1657084])
(63609655, [0.16525647])
Topic:  37
(56278081, [0.8003768])
(69552736, [0.7519601])
(53457952, [0.70880604])
(83191843, [0.70830554])
(98046031, [0.7082603])
(62629317, [0.6875692])
(21084349, [0.6824339])
(83618327, [0.6664206])
(23643591, [0.6623807])
(14128789, [0.657101])
(56610250, [0.64572805])
(12243738, [0.64555514])
(41061777, [0.6399226])
(47416850, [0.6395232])
(80864366, [0.6386217])
(14484180, [0.6383411])
(87295457, [0.6305277])
(38454142, [0.63001764])
(95232033, [0.62866086])
(99294405, [0.62486047])
Topic:  38
(71586072, [0.9922553])
(75194570, [0.9904202])
(50782882, [0.9855936])
(25987938, [0.98395425])
(57921725, [0.98366135])
(41019224, [0.97435516])
(29400557, [0.96204746])
(97710683, [0.9540608])
(49027650, [0.94119996])
(67144927, [0.92550516])
(60449475, [0.9226537])
(11634178, [0.92042464])
(37120772, [0.9204171])
(19277423, [0.92035085])
(17140009, [0.9203447])
(84327337, [0.9203009])
(20529628, [0.57403994])
(85695729, [0.56457496])
(73948624, [0.5604505])
(28150540, [0.53657645])
Topic:  39
(17242739, [0.6468763])
(16832132, [0.61563385])
(13958707, [0.6010474])
(89123504, [0.59165776])
(99078901, [0.58638936])
(64267468, [0.58585006])
(91742421, [0.5691715])
(48084648, [0.56887966])
(25472172, [0.5661839])
(77502631, [0.56449044])
(14354782, [0.5556046])
(14309705, [0.555512])
(28610066, [0.5534601])
(21902016, [0.54705733])
(50874791, [0.52823275])
(75429721, [0.52623004])
(75457637, [0.52442294])
(27028402, [0.5184908])
(84738606, [0.51795745])
(54017057, [0.5175286])
Topic:  40
(79597476, [0.56930035])
(85924796, [0.5679559])
(26702590, [0.565368])
(63567252, [0.56513685])
(88559931, [0.5628242])
(95400539, [0.56248593])
(94962046, [0.5597287])
(65577889, [0.55866563])
(87228401, [0.555555])
(78102815, [0.55548185])
(23892412, [0.5527458])
(57601957, [0.5451805])
(94864476, [0.48278436])
(89574497, [0.40913323])
(81043066, [0.40284345])
(23427461, [0.39871943])
(25942847, [0.39797556])
(59680617, [0.39758283])
(80404501, [0.39302433])
(92838589, [0.39097986])
Topic:  41
(63354791, [0.82482344])
(78605904, [0.8214637])
(68294125, [0.8120204])
(78086079, [0.7988648])
(79997664, [0.79318136])
(60824312, [0.78164285])
(43097451, [0.76365685])
(25137353, [0.75483215])
(39151883, [0.7548071])
(33547353, [0.74889946])
(84611274, [0.7466198])
(91184427, [0.738292])
(13185359, [0.73673606])
(59241352, [0.7254074])
(48664115, [0.7227793])
(63748007, [0.7217215])
(96168580, [0.7092844])
(29293278, [0.7052126])
(19787389, [0.69515824])
(34011436, [0.64639735])
Topic:  42
(52009539, [0.96418005])
(51174366, [0.9640799])
(30531008, [0.9533335])
(49177144, [0.83264875])
(75021974, [0.8256304])
(68521785, [0.79429305])
(34455773, [0.7920412])
(91513857, [0.7772226])
(66395274, [0.76780015])
(41640144, [0.76606154])
(41320554, [0.75980383])
(14217121, [0.75762624])
(32039440, [0.7439972])
(90297376, [0.73129654])
(81649401, [0.7243535])
(87354529, [0.7230182])
(40372018, [0.71696866])
(11704592, [0.68717223])
(27546491, [0.684542])
(45579726, [0.67122036])
Topic:  43
(27482222, [0.9868592])
(35920301, [0.9859495])
(34918695, [0.9848157])
(36464109, [0.98222226])
(21774693, [0.9819125])
(19530526, [0.98160076])
(38709364, [0.9781695])
(52271193, [0.9759448])
(11260664, [0.9744155])
(17499117, [0.9742201])
(86609189, [0.97356474])
(37794129, [0.9734461])
(56037807, [0.9726859])
(17999914, [0.97254217])
(20194751, [0.9722322])
(97303032, [0.9721343])
(96623897, [0.97153944])
(45930928, [0.9703791])
(16026475, [0.96976995])
(34408132, [0.96964085])
Topic:  44
(75405932, [0.5558424])
(71368115, [0.55151033])
(17054670, [0.5184436])
(70656074, [0.5148346])
(78238352, [0.5119326])
(13941282, [0.51124156])
(34559983, [0.49658608])
(98716957, [0.49589288])
(72330689, [0.4933462])
(52369816, [0.4864846])
(96454562, [0.48569712])
(35543374, [0.48294544])
(40984839, [0.47889897])
(71793513, [0.47755337])
(48996170, [0.4750452])
(59952272, [0.47336608])
(64225122, [0.46989974])
(92807704, [0.46007267])
(97554502, [0.458262])
(82983199, [0.45407733])
Topic:  45
(81287807, [0.6018926])
(83219497, [0.5903547])
(74678185, [0.589825])
(26598997, [0.5894208])
(25795298, [0.5889217])
(40764113, [0.5606529])
(97029554, [0.5199987])
(81120241, [0.50141674])
(14661434, [0.48908585])
(37233239, [0.48737088])
(11184106, [0.4504387])
(88377403, [0.43998718])
(65319545, [0.4350678])
(22415094, [0.41306514])
(11876209, [0.41297552])
(15000584, [0.412141])
(30564592, [0.40924215])
(41190664, [0.40825176])
(65760316, [0.40675533])
(39248162, [0.40406585])
Topic:  46
(16993148, [0.51211584])
(51086570, [0.43001243])
(96188932, [0.40195608])
(16663635, [0.3978055])
(10101272, [0.3895627])
(43778881, [0.38652435])
(55144098, [0.38533676])
(23791174, [0.38444918])
(13810637, [0.38335252])
(33595818, [0.38322946])
(85488967, [0.38213313])
(22549201, [0.38149852])
(19082412, [0.37812877])
(18058725, [0.3767452])
(21724108, [0.37445277])
(70897198, [0.3706052])
(75189507, [0.3662055])
(74721705, [0.36090806])
(16661678, [0.35587192])
(26917648, [0.3557284])
Topic:  47
(96493767, [0.6720061])
(14403911, [0.6717704])
(74605491, [0.66149217])
(45147561, [0.660191])
(73268425, [0.65907985])
(74162682, [0.6560388])
(76629794, [0.6538601])
(16199842, [0.64304954])
(79728264, [0.6429817])
(67400521, [0.64257234])
(93808075, [0.6423997])
(76996229, [0.64174163])
(94331547, [0.6415433])
(24041539, [0.63332766])
(68888408, [0.46306756])
(63334855, [0.43474087])
(61571007, [0.43273014])
(86912212, [0.4174141])
(82541073, [0.40027627])
(21354742, [0.38463134])
Topic:  48
(54403967, [0.66439056])
(38547152, [0.6633137])
(10162925, [0.63834476])
(69596944, [0.5864407])
(96568763, [0.56892353])
(97740688, [0.54333913])
(53648043, [0.52214813])
(28150265, [0.5114559])
(63660049, [0.50396806])
(11973006, [0.50313556])
(85464744, [0.49694356])
(68043041, [0.49552086])
(50577419, [0.49228188])
(31389522, [0.49135396])
(73259564, [0.482895])
(91545571, [0.469598])
(78129072, [0.4651513])
(97600132, [0.4615852])
(77054047, [0.46026272])
(18512350, [0.45953432])
Topic:  49
(95162021, [0.6767006])
(41217887, [0.67565966])
(65881153, [0.65941775])
(49899505, [0.6428581])
(99778574, [0.6324881])
(11791546, [0.61399555])
(62469784, [0.5943892])
(25871399, [0.5908879])
(42694730, [0.58290917])
(82023522, [0.5820556])
(63785209, [0.5793742])
(89115027, [0.57360363])
(52155087, [0.569068])
(88876457, [0.5641759])
(44324240, [0.5594357])
(21891604, [0.54716015])
(41146035, [0.5460021])
(57010753, [0.5448887])
(34485809, [0.54217684])
(48420711, [0.5392831])
